time,x,y,z,phi,theta,psi,x_velocity,y_velocity,z_velocity,phi_velocity,theta_velocity,psi_velocity,rotor_speed1,rotor_speed2,rotor_speed3,rotor_speed4
0.06,-3.55506984932e-07,-7.63184332209e-08,10.0017550158,6.28303730782,0.000341361845187,0.0,-3.00469898638e-05,-9.13630344013e-06,0.0584987632042,-0.00792349498175,0.0151546719039,0.0,423.6819486578328,424.98258816916666,423.06336040127417,422.3807534357347
0.12000000000000001,-1.51037707968e-05,-6.61825977843e-06,10.0131041482,6.28258671466,0.00118972878643,0.0,-0.000572289651095,-0.000267195828261,0.319768547804,-0.00669521419059,0.0120275709361,0.0,485.3080233554869,485.07316271383905,485.5538970889191,485.64613733670944
0.18,-7.77884593833e-05,-3.68025743378e-05,10.0355274116,6.28199937498,0.00245861436093,0.0,-0.00162437510837,-0.000789063111424,0.427638532929,-0.0168330262692,0.0349928285296,0.0,439.5019746835611,441.40097582400506,438.997022260549,438.1552595984913
0.23999999999999996,-0.000239117445234,-0.000114977513566,10.0659926393,6.2810031473,0.00435466512549,0.0,-0.00397581703903,-0.00192792900187,0.587798939028,-0.0161492523677,0.0237683578107,0.0,455.9033874529197,455.0061329281856,456.1301238866462,456.18481164475054
0.3,-0.000580672156188,-0.000283456139504,10.1059199472,6.27981256023,0.00567036765941,0.0,-0.00756029198483,-0.00380538382682,0.743021769203,-0.0285016468083,0.0179684800497,0.0,454.5066430633397,454.0416422704239,455.15584319745955,454.1663543135839
0.36000000000000004,-0.00115206522132,-0.000585834139932,10.1529099511,6.27807293705,0.00672246933271,0.0,-0.0115913701698,-0.0064445563554,0.823255572691,-0.0299963151292,0.0166537777842,0.0,431.1737090887985,431.0625782304146,431.2824600528846,431.155943640291
0.4200000000000001,-0.00197096049046,-0.00106982776658,10.2025240966,6.27631815655,0.00754175881864,0.0,-0.0157860866463,-0.00984539401128,0.830542444822,-0.0277873149103,0.00685738727405,0.0,407.66839600363227,406.7921316999927,406.94347910665977,407.140798314178
0.48000000000000015,-0.0031174597526,-0.00184799592611,10.2608469683,6.27418549633,0.00806375771699,0.0,-0.0224893405606,-0.0163263536245,1.11331916588,-0.0593605085714,0.0121516718401,0.0,491.9790322405541,492.3706940880745,493.44248680626555,491.10584836123724
0.5400000000000001,-0.00466702737465,-0.00306330269119,10.3343894383,6.27025709362,0.00891103685743,0.0,-0.0292562471822,-0.0246274751506,1.33785551963,-0.0819403473174,0.0177951048943,0.0,475.2057087127766,475.63793461354527,477.5010262248084,475.77252132029696
0.6000000000000002,-0.00664247951369,-0.00487543891119,10.4211704838,6.26497838878,0.00982090817662,0.0,-0.0367083923629,-0.0363763677936,1.55456660257,-0.104157547662,0.00930253104417,0.0,474.745263980895,474.0931407661799,474.96053316739767,473.24754181856866
0.6600000000000003,-0.00904772967139,-0.00745374090799,10.5172160471,6.25843378801,0.0102690634252,0.0,-0.0435164116052,-0.0502071489083,1.64680950201,-0.121375113363,0.00352437655906,0.0,436.8423836967733,436.3602281906546,437.8795851753242,436.4341070943536
0.7200000000000003,-0.0118922277332,-0.0110572324022,10.6210053207,6.25104776911,0.0105143992299,0.0,-0.0513232385617,-0.0707218375338,1.81256141694,-0.126791577436,0.00519484838834,0.0,460.5048472107029,460.6368775155688,459.6511740553625,459.2085404202025
0.7800000000000004,-0.0151918590714,-0.015998905036,10.7329089655,6.24330929077,0.0109129472965,0.0,-0.0586993750508,-0.0947824455761,1.91736072076,-0.133737957794,0.00939106455368,0.0,441.5435395806103,441.88945890523604,442.12896548326484,441.54094830830445
0.8400000000000004,-0.0189293145867,-0.0224933875874,10.8498046228,6.23526707589,0.010969767268,0.0,-0.0659218916774,-0.122469667612,1.97902051415,-0.13464095794,-0.0269437912315,0.0,430.39895819229736,427.3128810268445,428.0145434298326,427.920369449126
0.9000000000000005,-0.0231175667177,-0.0309198321586,10.9726913256,6.22722428935,0.0091472708387,0.0,-0.073499958169,-0.159266996713,2.11691213789,-0.132884413578,-0.0383130360439,0.0,452.3382688466769,451.4215175163354,453.7189488502379,453.8437854961557
0.9600000000000005,-0.0277144870799,-0.0417049510262,11.1034240983,6.21881062716,0.00689998436644,0.0,-0.0794887397008,-0.201080454667,2.24055937951,-0.161914233719,-0.0357916352884,0.0,449.21808778912896,449.42184303897665,449.9752563752893,447.60030470107785
1.0200000000000005,-0.0326252786439,-0.0552050207494,11.2418545592,6.20875299668,0.00492073644282,0.0,-0.0839823410883,-0.249956695648,2.37344546183,-0.182599125252,-0.02789926654,0.0,452.4327274787593,453.0672826394592,453.1938856919338,451.5014541590692
1.0800000000000005,-0.0377358993497,-0.0713767824746,11.3819351277,6.19831179425,0.00383763740102,0.0,-0.0862716362257,-0.289921662828,2.29599536646,-0.160831824666,-0.00337139408582,0.0,382.1703289704833,384.50099944278844,381.6972471390758,383.7339574045393
1.1400000000000006,-0.042977478998,-0.0902524223017,11.51907056,6.18845559446,0.00371916169769,0.0,-0.0884344575968,-0.340089673674,2.27514415321,-0.172215812115,0.000682254015356,0.0,402.0934388585233,402.4605357761402,404.16871449956517,403.1125079560811
1.2000000000000006,-0.048366684973,-0.11280636391,11.660076938,6.17809457849,0.00363413435979,0.0,-0.0912025951121,-0.41280971217,2.42463422705,-0.17363458098,-0.00598687464987,0.0,458.6208016169869,458.09083881046297,458.5433986140841,458.40302733046497
1.2600000000000007,-0.0539258509061,-0.140173560753,11.8120760475,6.16765430613,0.00324089888372,0.0,-0.0940561499371,-0.500622370595,2.64136684128,-0.174753810464,-0.00771289613715,0.0,479.3203937524915,479.18931772837567,479.6385096567962,479.52681143205126
1.3200000000000007,-0.0596326623029,-0.172545412895,11.9726696962,6.15741363786,0.00309449388775,0.0,-0.0961420877421,-0.579430097494,2.71144260202,-0.163577414422,0.00643751022089,0.0,435.4162447234186,436.5984951906293,435.1393383487314,436.0452429125536
1.3800000000000008,-0.0654703327757,-0.210061168769,12.1391259558,6.14846851719,0.0038511907103,0.0,-0.0985091126354,-0.672037852085,2.83663323644,-0.129696015501,0.0227438788035,0.0,452.9720633249574,454.28136939833524,452.7947899645817,455.4909887930273
1.4400000000000008,-0.0714818204151,-0.253712630558,12.3159392314,6.14039731561,0.00530725209937,0.0,-0.10204178891,-0.78387971321,3.05640051697,-0.146512143636,0.0271529668081,0.0,482.9213509084943,483.25383796712833,484.0376428207541,482.75515073228263
1.5000000000000009,-0.077722840382,-0.303784417344,12.5025282356,6.13171117573,0.00657899067914,0.0,-0.106145244042,-0.886037415319,3.1627588332,-0.14149636464,0.0053041059869,0.0,450.97922461094817,449.2109378340801,450.8494225780001,451.2352365699466
1.560000000000001,-0.0842472380471,-0.360513070403,12.6977132207,6.12340034373,0.00721053735371,0.0,-0.111387436377,-1.00579410232,3.34268091849,-0.133137482246,0.019329853593,0.0,473.64519488682924,474.72255350215534,473.56486130014775,474.1908738511258
1.620000000000001,-0.0910749091432,-0.423973428707,12.8996933372,6.11521631042,0.00888496025851,0.0,-0.116338991015,-1.11029096128,3.38965877888,-0.143880370843,0.0411072093313,0.0,432.0544077134771,433.8868827007914,435.8234545845555,434.90683292538694
1.680000000000001,-0.0982811450269,-0.494671137801,13.109178507,6.10684780742,0.0108353491655,0.0,-0.124138506417,-1.24718653004,3.59229365688,-0.131874733285,0.0035617760579,0.0,483.796104497571,480.9610427070023,483.1269401035904,484.0148850250362
1.740000000000001,-0.105944599477,-0.573012781725,13.326508037,6.0990381466,0.0108186297166,0.0,-0.131318101063,-1.36492453185,3.65160857504,-0.126940020743,-0.00934927941979,0.0,441.74785989043465,440.68186739456564,440.1652970250872,440.55780418938195
1.8000000000000012,-0.114050694663,-0.658828596096,13.5487267643,6.09134397931,0.0103444525225,0.0,-0.138826750826,-1.49632627839,3.75509029003,-0.130960191701,-0.00515671415003,0.0,455.78138368688735,456.1164743192889,455.6037321562512,455.26756658992304
1.8600000000000012,-0.122602237733,-0.752770157002,13.7775122011,6.08321167337,0.00983454656829,0.0,-0.146177250656,-1.63581609314,3.87041583714,-0.146764618264,-0.016197887653,0.0,460.54551934508174,459.6714462104805,461.80153869613196,460.5366589058845
1.9200000000000013,-0.131548883342,-0.854589820609,14.0098941843,6.07391069592,0.00870298443742,0.0,-0.15194952409,-1.75896043247,3.87534990393,-0.181603476278,-0.0247982640794,0.0,427.9685143363093,427.2358186816308,427.16941268094763,424.1626513702439
1.9800000000000013,-0.140796936431,-0.963407204026,14.2398816717,6.06332222422,0.00735273443714,0.0,-0.1562126734,-1.86915431277,3.7908937032,-0.167814764108,-0.0182714676645,0.0,395.3921694968394,395.9929809232613,396.37086311960866,397.60191260553023
2.0400000000000014,-0.150331649211,-1.08052722538,14.4715383346,6.0533601786,0.00694086335426,0.0,-0.161530393238,-2.03581389191,3.93008901684,-0.162695841357,0.00951542448655,0.0,468.85931480662646,471.0134147681382,470.5556662266318,470.92713320593333
2.1000000000000014,-0.160180027954,-1.20780372661,14.7112103787,6.04362335691,0.00740483740511,0.0,-0.166801014699,-2.20765776175,4.05807120655,-0.161463174928,0.00390548487145,0.0,469.107292273899,468.6713192092005,468.6808101833755,468.75303813531605
2.1600000000000015,-0.170351449992,-1.34554130549,14.9582349012,6.03390775988,0.00750319289944,0.0,-0.172260002103,-2.38449549283,4.17516754797,-0.162868701121,-0.00332983917043,0.0,468.41017758123917,467.84708909745507,466.6638994470329,466.5305701410295
2.2200000000000015,-0.180858572956,-1.49432870265,15.2131028589,6.02373203836,0.00793901396315,0.0,-0.177990980476,-2.57600638213,4.31933607943,-0.188498121715,0.0227733635828,0.0,476.34598102245224,478.3381054272514,478.75988386958073,476.77961402328253
2.2800000000000016,-0.191668095929,-1.65303975295,15.4698055358,6.0129374711,0.00880720328629,0.0,-0.182422369759,-2.71527370419,4.23728788583,-0.166710262303,-0.012513163089,0.0,406.89743661485994,403.7256056057166,405.36212584904257,407.2805375763582
2.3400000000000016,-0.202765115818,-1.82072433526,15.7231313259,6.00260191033,0.00790196016316,0.0,-0.187407065135,-2.87508310049,4.20652962426,-0.186652142505,-0.0208090962135,0.0,424.35960803176766,423.6468731275061,425.05688436633466,423.3136396712981
2.4000000000000017,-0.214171848671,-1.99919303614,15.9780181355,5.99111102684,0.00681730430696,0.0,-0.192692583789,-3.0748849506,4.28871210285,-0.203621114366,-0.0131090348544,0.0,462.0785504148909,462.68531140923517,462.6282733763289,461.25548135171147
2.4600000000000017,-0.225866471343,-2.18953715978,16.2365738083,5.98038111154,0.0055931651786,0.0,-0.197034043482,-3.27089820597,4.32897446866,-0.151739048851,-0.0418893671911,0.0,451.10338834898334,448.7729321578875,449.7783641264568,453.92819757295973
2.520000000000002,-0.237781499945,-2.39128907206,16.4956849157,5.97171661026,0.00311401766854,0.0,-0.199913075265,-3.45493782889,4.30757225443,-0.132762983125,-0.0402026607879,0.0,432.55841302574225,432.6994978905199,430.93354397777597,432.5144179012562
2.580000000000002,-0.249825700783,-2.60426780833,16.7535181215,5.96353601893,0.000826620990137,0.0,-0.201352699436,-3.64506601195,4.28637052223,-0.144677630645,-0.0342598117969,0.0,433.0681776921201,433.5670919329905,433.89760011361176,432.8781691031566
2.640000000000002,-0.261916921307,-2.8288300871,17.0100578075,5.95466893108,6.28237271235,0.0,-0.201527048862,-3.84111186588,4.26439722804,-0.154853735434,-0.0161700826512,0.0,433.5528197806974,435.0700378966502,434.69240494442533,433.81751782224933
2.700000000000002,-0.273989688331,-3.06644851678,17.2684753903,5.94595714391,6.28193040077,0.0,-0.200829318386,-4.08025502836,4.34837407708,-0.130744981176,0.00609408920386,0.0,468.7810848255249,470.50828216600223,469.95557107128934,471.8019596186117
2.760000000000002,-0.286021181721,-3.31707511006,17.527491763,5.93869981459,6.28219118055,0.0,-0.200246599791,-4.27466204231,4.28512853817,-0.106351503937,0.000598984583,0.0,423.6398705279612,423.1669435230582,423.2341849038454,425.3144765848619
2.820000000000002,-0.298019339058,-3.5801080201,17.7843245556,5.93188481329,6.28221393155,0.0,-0.199695010495,-4.49369765877,4.27531704904,-0.134749784518,-6.41230526469e-05,0.0,443.18961950771103,443.13509566566387,444.111665404865,441.763700931969
2.880000000000002,-0.309985058226,-3.85628184512,18.0400755106,5.92434267469,6.28203030619,0.0,-0.199154988734,-4.71279921646,4.24906088352,-0.111953704641,-0.00985174418921,0.0,439.0648928961174,438.25202489847624,438.50572637457276,440.38071782109915
2.940000000000002,-0.321913189994,-4.14575443029,18.2941650034,5.91725859244,6.28140671367,0.0,-0.198395924826,-4.93692993936,4.21994989434,-0.134529144537,-0.0114987429254,0.0,440.3267945603412,440.19062104301577,439.7726568231567,437.8852443740049
3.000000000000002,-0.333790604933,-4.44765228472,18.5433585758,5.9092128383,6.28027249968,0.0,-0.19745657676,-5.12714130672,4.08633716868,-0.133244128186,-0.0409290695123,0.0,405.84711701774376,403.19623079894905,403.2834116955818,403.38091038433527
3.0600000000000023,-0.345579445955,-4.76229454126,18.7874640286,5.90208594629,6.27800273179,0.0,-0.195297904697,-5.36163719381,4.0498024802,-0.0994153513295,-0.0322582140757,0.0,438.36122742175394,439.0805795767083,438.0358655468088,440.8269138791928
3.1200000000000023,-0.357208191232,-5.09059790053,19.0278885915,5.89619824642,6.27564924611,0.0,-0.192159026101,-5.58247013847,3.96393834099,-0.0956729624126,-0.0592030877734,0.0,424.1617234163307,421.83982188177623,423.60510842079054,423.91809127847716
3.1800000000000024,-0.368572916772,-5.43377850499,19.2667295666,5.89027144736,6.2719471384,0.0,-0.186309479847,-5.85740463623,3.99633611554,-0.105852153132,-0.0672342699992,0.0,464.5032033117745,463.87027397779474,465.6419959497578,464.83689015861324
3.2400000000000024,-0.379575673767,-5.79151533061,19.5023629942,5.88453661774,6.26794527074,0.0,-0.180153812901,-6.06791065123,3.85790806848,-0.0804342972332,-0.0656463909332,0.0,407.75945000858763,407.8975578716208,406.6597720976943,408.9217058113392
3.3000000000000025,-0.390166103133,-6.16163779466,19.7287199133,5.87920286421,6.26436676917,0.0,-0.172600240354,-6.27027067075,3.6873022901,-0.116855083579,-0.0497443716315,0.0,395.06987526764374,396.53065735081185,398.07389206362956,394.7176983346223
3.3600000000000025,-0.400182328407,-6.54554123202,19.9482670124,5.87238326232,6.26118423437,0.0,-0.161014387367,-6.52724227165,3.63014352769,-0.107938034778,-0.0606210696724,0.0,439.1332586291076,438.22798292004137,436.70147078050866,437.4330051324226
3.4200000000000026,-0.409311333921,-6.9474112601,20.1697193459,5.86561033818,6.25774093105,0.0,-0.142909461327,-6.86890663276,3.74975613543,-0.125260019072,-0.0516031913895,0.0,497.9366171944445,498.5940946938549,497.4438333513664,496.1634951890327
3.4800000000000026,-0.41734633527,-7.36889030945,20.3957364197,5.85853817336,6.25453947028,0.0,-0.124628864123,-7.18102712116,3.78266239623,-0.106145257424,-0.0571187768494,0.0,473.9954223522555,473.56958507778324,473.76345922067543,475.21943541308053
3.5400000000000027,-0.424258027825,-7.80872270194,20.6223344806,5.85203522999,6.2509864374,0.0,-0.105451568259,-7.48069463594,3.76937371382,-0.11327626947,-0.0637821739735,0.0,462.81698793223467,462.2897985408067,462.0678363325984,461.4953083691674
3.6000000000000028,-0.429833176206,-8.26820804792,20.8512202033,5.84569680802,6.24700723007,0.0,-0.0799982367933,-7.83595203901,3.85818673469,-0.093604525569,-0.0719491752989,0.0,498.1295262696756,497.52904143404066,497.1382768104618,498.5692263012934
3.660000000000003,-0.4339041518,-8.74789944971,21.0824847467,5.8396766941,6.24218435692,0.0,-0.0553023733315,-8.15434811137,3.8492441296,-0.119273548903,-0.108151036631,0.0,471.8233416670316,469.01394897391816,471.9293317093826,469.9348972267118
3.720000000000003,-0.436434937572,-9.24645247643,21.3121496232,5.83269952058,6.23616485725,0.0,-0.0285198894194,-8.46481037209,3.80491515786,-0.110901003727,-0.0880506322237,0.0,461.3585966155259,462.9348249767013,461.77618051643515,462.42476310961223
3.780000000000003,-0.437312723719,-9.76328415227,21.5378640397,5.82641238534,6.23118800358,0.0,-0.000328525668314,-8.76369905086,3.7178088802,-0.0947402823907,-0.0743187418261,0.0,450.0021260887669,451.107042457571,449.85162483945794,451.1491249215129
3.840000000000003,-0.436499597026,-10.2975480534,21.7567949937,5.82076002291,6.2265861039,0.0,0.0277737458985,-9.04598342882,3.5791258606,-0.0931591773773,-0.0819383013193,0.0,434.3828775133555,433.7384135101252,435.4712936383281,435.5958498412907
3.900000000000003,-0.434186208594,-10.8469326641,21.9632502128,5.81503794119,6.2215958968,0.0,0.0496564700298,-9.26806506577,3.30280630741,-0.100194613734,-0.0857533714106,0.0,383.96209555472916,383.59301228719454,384.26006793623907,383.58295958422485
3.960000000000003,-0.430342805719,-11.410989278,22.1552990454,5.80912321876,6.21655905326,0.0,0.0788133594143,-9.53491269802,3.09832223635,-0.0955306266832,-0.0805622808711,0.0,412.5002497634412,412.952187021739,411.6296448377672,412.03310693828644
4.020000000000002,-0.424314772539,-11.9937459086,22.3397689487,5.80308458396,6.2118289475,0.0,0.122506406153,-9.89105090416,3.04904713719,-0.113573703302,-0.075588861937,0.0,468.79715863740466,469.17892745966196,470.4764108109445,469.0686281287438
4.080000000000001,-0.415970291475,-12.5955918451,22.5162829684,5.79573526543,6.2073876974,0.0,0.155953180162,-10.1716611641,2.83407722358,-0.153724957005,-0.071057610036,0.0,413.19199894010274,413.5866775070445,415.8804114195345,412.33123638421694
4.14,-0.40546304224,-13.2151033395,22.680843179,5.78602212243,6.20357004203,0.0,0.194559438609,-10.4798921095,2.65007322165,-0.187919748083,-0.0518486405577,0.0,428.49296334409104,430.12008962543257,427.3246359789665,424.3712957951036
4.199999999999998,-0.392180592861,-13.8557975612,22.8385944709,5.7747434269,6.20076742127,0.0,0.248353645909,-10.8775198955,2.60578577088,-0.188095352921,-0.038028394977,0.0,479.7917334341753,480.8389540748547,480.179262279016,480.1344827979458
4.259999999999997,-0.375668764812,-14.5203888128,22.9929065195,5.76377842215,6.19828027881,0.0,0.302142627004,-11.2764706572,2.53545563961,-0.173781576577,-0.0493702278473,0.0,476.5118892885907,475.6430142574689,477.85516782018254,478.91544788876047
4.319999999999996,-0.356116572104,-15.2078766462,23.1403507471,5.75348303136,6.19500098759,0.0,0.349771937479,-11.6409028194,2.37742183977,-0.167537298317,-0.0681617474625,0.0,453.64236425138193,452.12837975205855,451.5601060554526,452.03594555163204
4.379999999999995,-0.333727876794,-15.9171004382,23.2773124678,5.74311422012,6.19075595348,0.0,0.396772162993,-12.0010786766,2.18613871181,-0.186272980977,-0.0765053380521,0.0,444.90008117289926,444.21232316836335,446.2250530179065,444.6634138982087
4.439999999999993,-0.307946331607,-16.6510468428,23.4071775197,5.73198305712,6.18655075081,0.0,0.462862893495,-12.4645840335,2.13939438735,-0.184055465066,-0.0596288839747,0.0,500.5178023890601,501.7416480354489,499.0512895739612,499.1839185735546
4.499999999999992,-0.278819104673,-17.4093970036,23.5277931019,5.72114143851,6.18279835923,0.0,0.508245475027,-12.8151122787,1.87939779568,-0.174707672181,-0.0691075607946,0.0,432.90980845108413,432.1082183983713,430.8790870551019,431.6362043043788
4.559999999999991,-0.246321738102,-18.1922380873,23.6374848419,5.71043331529,6.17847848763,0.0,0.575206798392,-13.280450013,1.77377116281,-0.187299559789,-0.0785120897899,0.0,491.6561700792247,490.9551821399391,493.7340148603922,492.7763756713426
4.6199999999999894,-0.210543750182,-18.999168444,23.7339901541,5.69900970405,6.17394298736,0.0,0.617644926485,-13.6187960965,1.44149651798,-0.197424915883,-0.0703141009738,0.0,415.65646963353464,416.3696486732501,416.74871498530575,415.82423325862317
4.679999999999988,-0.171927555454,-19.8279390562,23.8120635602,5.68700527861,6.16967455645,0.0,0.669762281011,-14.0082680419,1.15863372272,-0.205970317369,-0.0728458425024,0.0,440.5561509485747,440.34275196348455,440.6043870406105,439.85731412792404
4.739999999999987,-0.13003328294,-20.6809076901,23.8734896267,5.67489786175,6.16638109526,0.0,0.726851480667,-14.4253279398,0.886187879701,-0.194533297897,-0.0325346791344,0.0,449.68007391500987,452.93246489493634,449.49798016925456,450.38474005015985
4.799999999999986,-0.0847133032112,-21.5590920075,23.9179053877,5.66312246418,6.16456222102,0.0,0.783820107029,-14.8488691383,0.591596824641,-0.199940997263,-0.0262085981115,0.0,449.1101303258912,449.6228500576959,449.29197983590353,448.8159086026029
4.859999999999984,-0.0354125694109,-22.4657246098,23.9479164753,5.6510757762,6.16315219356,0.0,0.859386359095,-15.3731125565,0.404666461875,-0.202504267968,-0.0185708647987,0.0,495.75071363306307,496.31180193821353,496.47130544899676,496.2482513035893
4.919999999999983,0.0179279694073,-23.4017385801,23.9628048415,5.63901176539,6.16168413933,0.0,0.918553506392,-15.8287214041,0.088366921397,-0.198341151958,-0.0401336637724,0.0,459.66737013206745,457.95456755613657,458.41225959818416,458.7048382739298
4.979999999999982,0.0746985603233,-24.3648284653,23.9573303715,5.6269252091,6.15884594864,0.0,0.973826892255,-16.2758117296,-0.274003905615,-0.208492754433,-0.0682000536076,0.0,450.95321031607955,448.6777979725635,449.32310402181804,448.45950268923394
5.0399999999999805,0.135406295174,-25.3580185806,23.9332861023,5.61441983379,6.15429749362,0.0,1.04980612777,-16.8314441898,-0.532164214886,-0.20828386593,-0.0988273564627,0.0,498.77605947424354,496.5291038644431,497.39404213423336,497.3716752624388
